10211.765725 0.997989 0.002255 -4.520000 0.470000 2.320000 12.930000 59.810000 30.000000
10211.766231 1.002707 0.002249 -7.600000 -0.730000 2.310000 12.260000 58.340000 30.000000
10211.766739 1.001079 0.002229 -4.050000 -2.260000 2.300000 11.810000 57.260000 30.000000
10211.768978 0.999964 0.002147 -5.640000 1.110000 2.250000 11.910000 54.600000 30.000000
10211.769482 0.998725 0.002128 1.330000 -0.210000 2.240000 12.160000 54.400000 30.000000
10211.769988 0.994993 0.002105 -0.090000 0.430000 2.230000 12.040000 54.020000 30.000000
10211.770493 1.000689 0.002101 1.720000 -0.150000 2.220000 12.250000 53.770000 30.000000
10211.770995 1.004111 0.002092 0.510000 0.040000 2.210000 11.760000 53.330000 30.000000
10211.771571 0.997066 0.002047 1.160000 -0.310000 2.190000 11.040000 53.160000 30.000000
10211.772074 0.998150 0.002033 -0.400000 -0.510000 2.180000 10.880000 52.270000 30.000000
10211.772582 0.999911 0.002022 -0.510000 -0.340000 2.170000 11.820000 52.170000 30.000000
10211.773087 1.003178 0.002013 -1.320000 0.600000 2.160000 11.900000 52.340000 30.000000
10211.773594 0.995690 0.001983 0.970000 1.430000 2.150000 11.120000 52.310000 30.000000
10211.774104 0.994907 0.001966 0.030000 0.930000 2.140000 11.080000 51.550000 30.000000
10211.774607 1.000134 0.001961 1.200000 -0.870000 2.130000 11.850000 51.800000 30.000000
10211.775118 1.002500 0.001966 0.540000 -0.220000 2.130000 11.450000 51.360000 30.000000
10211.775625 1.000524 0.001947 -1.380000 0.310000 2.120000 11.660000 51.280000 30.000000
10211.776128 1.001010 0.001932 -1.000000 1.250000 2.110000 10.910000 50.890000 30.000000
10211.776631 1.001466 0.001919 0.260000 0.810000 2.100000 11.730000 49.940000 30.000000
10211.777136 1.001725 0.001904 -0.580000 1.290000 2.090000 11.070000 50.050000 30.000000
10211.777639 1.000259 0.001886 -0.260000 0.470000 2.080000 11.430000 49.340000 30.000000
10211.778142 0.999405 0.001870 0.450000 1.300000 2.070000 11.280000 49.340000 30.000000
10211.778729 1.000038 0.001856 0.670000 -0.450000 2.060000 11.190000 48.630000 30.000000
10211.779231 1.002468 0.001846 -0.130000 -0.000000 2.050000 11.310000 47.920000 30.000000
10211.779735 0.999752 0.001827 -0.690000 0.350000 2.040000 11.530000 47.780000 30.000000
10211.780239 1.001720 0.001815 -1.110000 0.520000 2.030000 11.120000 47.240000 30.000000
10211.780742 1.001439 0.001815 -0.280000 -0.760000 2.030000 10.880000 46.870000 30.000000
10211.781248 0.999701 0.001797 -0.820000 -0.200000 2.020000 11.030000 46.030000 30.000000
10211.781761 0.999370 0.001782 -0.570000 -0.500000 2.010000 11.440000 46.160000 30.000000
10211.782267 0.999326 0.001768 0.000000 1.170000 2.000000 10.210000 45.790000 30.000000
10211.782774 0.998247 0.001752 0.060000 0.830000 1.990000 11.690000 45.120000 30.000000
10211.783283 1.000730 0.001742 0.400000 1.060000 1.980000 11.580000 44.980000 30.000000
10211.783787 1.000024 0.001740 0.010000 -0.570000 1.980000 10.630000 44.790000 30.000000
10211.784292 0.998184 0.001723 -0.650000 -0.780000 1.970000 11.010000 44.210000 30.000000
10211.784803 0.998703 0.001710 -1.380000 -0.810000 1.960000 11.020000 43.620000 30.000000
10211.785395 1.000998 0.001700 0.390000 -0.620000 1.950000 10.610000 43.770000 30.000000
10211.785899 1.001817 0.001687 -0.100000 1.300000 1.940000 10.920000 42.810000 30.000000
10211.786414 1.001630 0.001673 -0.420000 0.910000 1.930000 11.230000 42.840000 30.000000
10211.786926 1.001590 0.001673 -0.860000 1.530000 1.930000 11.180000 42.160000 30.000000
10211.787439 1.000967 0.001658 -1.340000 -0.910000 1.920000 10.630000 41.790000 30.000000
10211.787945 1.005500 0.001652 -1.450000 -0.430000 1.910000 11.780000 41.140000 30.000000
10211.788451 0.997208 0.001625 -0.000000 0.620000 1.900000 11.590000 40.570000 30.000000
10211.788955 1.002729 0.001633 -0.370000 0.150000 1.900000 11.510000 40.090000 30.000000
10211.789460 0.999622 0.001615 -0.060000 -1.240000 1.890000 10.890000 39.680000 30.000000
10211.789965 1.001875 0.001604 -0.550000 -1.260000 1.880000 10.880000 39.080000 30.000000
10211.790468 0.997751 0.001598 -0.970000 0.470000 1.880000 10.740000 39.020000 30.000000
10211.790970 0.997637 0.001584 -0.290000 1.220000 1.870000 11.040000 38.930000 30.000000
10211.791481 0.999793 0.001574 0.120000 0.890000 1.860000 11.290000 38.680000 30.000000
10211.791989 0.999966 0.001561 -0.010000 1.110000 1.850000 11.200000 38.140000 30.000000
10211.792502 0.998942 0.001559 -0.860000 -0.160000 1.850000 11.200000 37.790000 30.000000
10211.793005 0.998416 0.001545 0.590000 0.560000 1.840000 11.400000 37.280000 30.000000
10211.793511 1.000954 0.001536 -0.060000 -0.140000 1.830000 11.540000 36.330000 30.000000
10211.794015 1.000111 0.001535 0.330000 0.530000 1.830000 12.330000 36.950000 30.000000
10211.794524 0.999158 0.001521 0.590000 -1.360000 1.820000 13.330000 36.410000 30.000000
10211.795032 0.998171 0.001506 -0.550000 -0.790000 1.810000 12.970000 35.900000 30.000000
10211.795536 1.000365 0.001510 -1.020000 1.910000 1.810000 12.940000 35.410000 30.000000
10211.796042 1.002960 0.001500 -1.320000 1.850000 1.800000 12.660000 34.630000 30.000000
10211.796549 0.996988 0.001478 -1.350000 0.050000 1.790000 12.210000 34.380000 30.000000
10211.797057 0.998345 0.001480 -0.700000 -0.400000 1.790000 12.200000 33.900000 30.000000
10211.797644 1.000866 0.001470 0.350000 -0.700000 1.780000 10.840000 34.050000 30.000000
10211.798148 1.001472 0.001458 0.150000 -0.290000 1.770000 10.510000 33.370000 30.000000
10211.798658 0.998865 0.001454 0.320000 0.530000 1.770000 10.870000 33.170000 30.000000
10211.799162 1.000564 0.001444 0.700000 1.040000 1.760000 11.530000 32.650000 30.000000
10211.799667 1.000906 0.001432 -1.010000 -0.190000 1.750000 11.550000 32.260000 30.000000
10211.800172 1.000035 0.001430 -0.320000 -0.190000 1.750000 11.680000 31.730000 30.000000
10211.800675 1.002110 0.001421 0.810000 -0.000000 1.740000 12.480000 31.640000 30.000000
10211.801178 0.999912 0.001418 1.580000 0.330000 1.740000 11.550000 31.580000 30.000000
10211.801681 0.997478 0.001402 -0.400000 -0.470000 1.730000 12.300000 31.010000 30.000000
10211.802188 1.000852 0.001394 -0.040000 -0.620000 1.720000 11.420000 30.880000 30.000000
10211.802698 1.001753 0.001395 0.920000 -0.500000 1.720000 10.850000 30.480000 30.000000
10211.803208 1.001712 0.001382 0.470000 0.170000 1.710000 11.070000 30.060000 30.000000
10211.803713 0.999934 0.001381 -1.980000 0.800000 1.710000 12.080000 29.920000 30.000000
10211.804220 1.001341 0.001370 -0.870000 0.850000 1.700000 12.480000 29.610000 30.000000
10211.804724 0.996441 0.001364 0.830000 -0.140000 1.700000 11.930000 29.270000 30.000000
10211.805227 1.000333 0.001356 -0.150000 0.260000 1.690000 11.360000 29.510000 30.000000
10211.805734 1.002001 0.001346 -1.480000 1.270000 1.680000 12.550000 29.170000 30.000000
10211.806240 0.999879 0.001344 -1.530000 1.110000 1.680000 13.180000 29.220000 30.000000
10211.806747 0.998017 0.001329 0.220000 -1.560000 1.670000 12.110000 28.790000 30.000000
10211.807255 0.998494 0.001330 0.310000 -0.500000 1.670000 13.070000 29.040000 30.000000
10211.807775 0.996410 0.001315 -0.770000 0.930000 1.660000 12.880000 28.200000 30.000000
10211.808278 1.001356 0.001321 -0.740000 1.000000 1.660000 12.350000 28.410000 30.000000
10211.808810 1.001175 0.001309 0.560000 -0.820000 1.650000 12.700000 28.110000 30.000000
10211.809314 0.998504 0.001305 0.410000 0.040000 1.650000 11.550000 28.040000 30.000000
10211.809823 0.996409 0.001291 0.790000 1.190000 1.640000 12.390000 28.100000 30.000000
10211.810338 0.999823 0.001295 0.490000 1.170000 1.640000 12.400000 28.330000 30.000000
10211.810923 1.002789 0.001287 -2.350000 -0.910000 1.630000 11.940000 28.040000 30.000000
10211.811443 1.002761 0.001275 -1.430000 -0.390000 1.620000 12.630000 28.060000 30.000000
10211.811949 1.001937 0.001274 0.700000 0.650000 1.620000 12.380000 27.840000 30.000000
10211.812458 0.998743 0.001258 1.160000 1.400000 1.610000 12.280000 27.690000 30.000000
10211.812964 1.001431 0.001261 -0.910000 -0.240000 1.610000 12.180000 27.590000 30.000000
10211.813468 0.998840 0.001246 -0.440000 -0.080000 1.600000 11.900000 27.450000 30.000000
10211.813971 1.000579 0.001248 0.410000 -0.130000 1.600000 11.840000 27.280000 30.000000
10211.814480 0.998063 0.001234 0.340000 0.810000 1.590000 12.540000 26.920000 30.000000
10211.815001 0.998840 0.001235 -0.000000 0.400000 1.590000 12.690000 26.790000 30.000000
10211.815534 0.996251 0.001220 -0.030000 0.680000 1.580000 12.620000 26.800000 30.000000
10211.816043 0.997698 0.001222 0.770000 -0.760000 1.580000 11.600000 26.830000 30.000000
10211.816549 0.996529 0.001209 0.280000 -0.190000 1.570000 11.120000 26.680000 30.000000
10211.817059 0.998603 0.001211 -0.280000 0.140000 1.570000 11.290000 26.350000 30.000000
10211.817562 0.995873 0.001209 -0.420000 0.350000 1.570000 12.810000 26.360000 30.000000
10211.818066 0.995138 0.001196 -1.310000 -0.640000 1.560000 10.660000 26.000000 30.000000
10211.818572 0.993277 0.001194 -1.270000 -0.770000 1.560000 11.570000 25.790000 30.000000
10211.819076 0.994673 0.001184 0.040000 -0.450000 1.550000 11.460000 25.740000 30.000000
10211.819589 0.994145 0.001183 0.870000 -0.390000 1.550000 11.940000 25.730000 30.000000
10211.820093 0.992107 0.001170 0.710000 -0.090000 1.540000 11.870000 25.450000 30.000000
10211.820600 0.990884 0.001169 0.370000 0.040000 1.540000 11.410000 25.480000 30.000000
10211.821104 0.990907 0.001158 -0.370000 0.320000 1.530000 11.710000 25.360000 30.000000
10211.821610 0.989646 0.001156 -0.070000 0.510000 1.530000 11.400000 25.380000 30.000000
10211.822119 0.990455 0.001146 0.160000 0.520000 1.520000 11.110000 25.110000 30.000000
10211.822628 0.990372 0.001146 0.930000 0.640000 1.520000 10.950000 25.200000 30.000000
10211.823136 0.988280 0.001144 0.120000 -0.950000 1.520000 11.920000 24.900000 30.000000
10211.823640 0.988488 0.001133 0.320000 -0.780000 1.510000 11.030000 24.790000 30.000000
10211.824143 0.987242 0.001132 -0.630000 -0.120000 1.510000 12.250000 25.040000 30.000000
10211.824646 0.987281 0.001121 -0.430000 -0.000000 1.500000 11.270000 24.830000 30.000000
10211.825150 0.986666 0.001120 -0.200000 1.480000 1.500000 12.220000 25.050000 30.000000
10211.825655 0.985321 0.001118 -0.020000 0.610000 1.500000 11.870000 24.590000 30.000000
10211.826158 0.983569 0.001106 0.370000 -1.450000 1.490000 12.180000 24.470000 30.000000
10211.826668 0.987947 0.001111 0.620000 -1.290000 1.490000 11.190000 24.780000 30.000000
10211.827179 0.987361 0.001100 -0.110000 0.400000 1.480000 11.950000 24.880000 30.000000
10211.827691 0.986206 0.001098 0.240000 0.180000 1.480000 11.640000 24.380000 30.000000
10211.828275 0.984913 0.001087 0.620000 -0.390000 1.470000 12.900000 24.690000 30.000000
10211.828776 0.983505 0.001085 0.530000 -1.350000 1.470000 11.900000 24.680000 30.000000
10211.829281 0.986691 0.001088 0.060000 -0.690000 1.470000 11.080000 24.400000 30.000000
10211.829785 0.984389 0.001075 0.010000 0.050000 1.460000 11.990000 24.660000 30.000000
10211.830289 0.985560 0.001077 -0.440000 1.460000 1.460000 12.550000 24.610000 30.000000
10211.830794 0.985523 0.001077 -0.210000 1.450000 1.460000 11.500000 24.420000 30.000000
10211.831298 0.985282 0.001066 0.170000 0.480000 1.450000 12.210000 24.570000 30.000000
10211.831808 0.985870 0.001067 0.390000 0.250000 1.450000 11.640000 24.280000 30.000000
10211.832316 0.986189 0.001057 0.340000 -0.960000 1.440000 12.970000 24.730000 30.000000
10211.832822 0.982034 0.001052 -0.010000 -0.540000 1.440000 12.200000 24.440000 30.000000
10211.833331 0.986054 0.001056 -0.110000 -0.530000 1.440000 12.460000 24.740000 30.000000
10211.833837 0.984060 0.001044 0.710000 -0.100000 1.430000 12.010000 24.210000 30.000000
10211.834346 0.985400 0.001046 0.690000 2.000000 1.430000 12.150000 24.310000 30.000000
10211.834855 0.986513 0.001047 1.010000 1.770000 1.430000 12.610000 24.140000 30.000000
10211.835361 0.985596 0.001036 1.200000 0.310000 1.420000 11.600000 23.850000 30.000000
10211.835869 0.984107 0.001034 0.850000 0.290000 1.420000 11.970000 24.090000 30.000000
10211.836378 0.986706 0.001026 -2.680000 -0.580000 1.410000 11.980000 23.970000 30.000000
10211.836885 0.985697 0.001025 -2.160000 -0.840000 1.410000 11.630000 24.210000 30.000000
10211.837388 0.984196 0.001024 -0.080000 -0.430000 1.410000 11.820000 24.140000 30.000000
10211.837892 0.987018 0.001017 -0.070000 -0.530000 1.400000 11.810000 23.860000 30.000000
10211.838400 0.984935 0.001015 -0.170000 0.350000 1.400000 11.930000 23.790000 30.000000
10211.838905 0.985129 0.001015 -0.730000 0.260000 1.400000 11.890000 23.520000 30.000000
10211.839409 0.983206 0.001003 0.030000 0.280000 1.390000 11.920000 23.900000 30.000000
10211.839914 0.982316 0.001003 0.350000 -0.400000 1.390000 11.950000 23.460000 30.000000
10211.840438 0.982994 0.001003 -0.390000 -0.570000 1.390000 13.250000 23.900000 30.000000
10211.840942 0.983281 0.000994 -0.220000 -0.550000 1.380000 12.080000 24.120000 30.000000
10211.841447 0.982891 0.000994 0.590000 0.760000 1.380000 11.610000 24.630000 30.000000
10211.841950 0.984781 0.000996 1.050000 0.650000 1.380000 11.820000 24.610000 30.000000
10211.842454 0.984325 0.000985 -1.030000 0.330000 1.370000 12.240000 24.140000 30.000000
10211.842958 0.982616 0.000984 -1.690000 0.050000 1.370000 11.580000 23.730000 30.000000
10211.843461 0.985121 0.000986 -0.360000 -0.660000 1.370000 12.020000 23.930000 30.000000
10211.843967 0.983744 0.000975 -0.090000 -0.450000 1.360000 12.380000 23.430000 30.000000
10211.844472 0.983136 0.000974 0.490000 -0.710000 1.360000 11.840000 23.590000 30.000000
10211.844977 0.984704 0.000976 0.610000 -0.910000 1.360000 11.840000 23.840000 30.000000
10211.845480 0.984998 0.000976 1.230000 -0.260000 1.360000 11.670000 23.880000 30.000000
10211.846014 0.984324 0.000966 0.910000 -0.190000 1.350000 12.040000 23.470000 30.000000
10211.846520 0.984061 0.000966 -1.340000 0.640000 1.350000 13.350000 23.050000 30.000000
10211.847022 0.983439 0.000964 -1.370000 0.320000 1.350000 12.860000 22.910000 30.000000
10211.847526 0.984298 0.000955 -0.120000 -0.880000 1.340000 12.280000 22.820000 30.000000
10211.848039 0.984648 0.000955 -0.430000 -1.030000 1.340000 11.050000 22.960000 30.000000
10211.848542 0.985162 0.000956 0.200000 0.850000 1.340000 10.190000 23.050000 30.000000
10211.849050 0.983597 0.000945 1.030000 1.160000 1.330000 10.780000 23.190000 30.000000
10211.849555 0.982592 0.000944 1.520000 -0.420000 1.330000 11.430000 23.470000 30.000000
10211.850057 0.981807 0.000944 0.830000 0.050000 1.330000 12.220000 23.390000 30.000000
10211.850562 0.984546 0.000946 -1.080000 0.200000 1.330000 11.410000 23.290000 30.000000
10211.851067 0.980041 0.000933 -1.480000 0.600000 1.320000 11.880000 22.860000 30.000000
10211.851572 0.985162 0.000937 -0.670000 0.330000 1.320000 11.330000 23.090000 30.000000
10211.852076 0.984584 0.000937 -0.650000 -0.140000 1.320000 10.690000 22.970000 30.000000
10211.852581 0.984722 0.000927 0.540000 -0.330000 1.310000 10.950000 22.950000 30.000000
10211.853085 0.984194 0.000927 1.140000 -0.420000 1.310000 10.400000 22.650000 30.000000
10211.853589 0.984837 0.000928 -1.170000 0.240000 1.310000 10.130000 22.740000 30.000000
10211.854094 0.986198 0.000929 -0.910000 0.090000 1.310000 11.280000 22.810000 30.000000
10211.854668 0.984402 0.000918 -0.110000 -0.110000 1.300000 11.730000 22.750000 30.000000
10211.855181 0.982967 0.000917 -0.080000 -0.600000 1.300000 12.430000 22.830000 30.000000
10211.855683 0.982444 0.000916 -0.300000 -0.370000 1.300000 11.000000 22.660000 30.000000
10211.856188 0.983596 0.000908 -0.010000 -0.480000 1.290000 10.990000 22.560000 30.000000
10211.856692 0.983422 0.000908 -0.380000 0.140000 1.290000 11.010000 22.290000 30.000000
10211.857200 0.983488 0.000908 0.100000 0.320000 1.290000 10.930000 22.290000 30.000000
10211.857706 0.984069 0.000909 0.980000 -0.450000 1.290000 11.060000 22.360000 30.000000
10211.858209 0.982533 0.000899 0.270000 0.370000 1.280000 12.130000 22.050000 30.000000
10211.858719 0.982317 0.000899 -1.610000 0.390000 1.280000 10.470000 22.070000 30.000000
10211.859228 0.981899 0.000898 -1.210000 -0.230000 1.280000 10.540000 22.220000 30.000000
10211.859740 0.982241 0.000899 0.280000 -0.620000 1.280000 10.780000 22.080000 30.000000
10211.860245 0.982772 0.000891 0.330000 -0.910000 1.270000 11.570000 22.440000 30.000000
10211.860749 0.984391 0.000892 -0.410000 0.160000 1.270000 13.110000 22.330000 30.000000
10211.861253 0.985856 0.000893 -0.070000 0.330000 1.270000 11.630000 22.310000 30.000000
10211.861763 0.986586 0.000894 -0.430000 -0.070000 1.270000 12.560000 22.050000 30.000000
10211.862272 0.982726 0.000882 -0.400000 1.690000 1.260000 12.630000 21.900000 30.000000
10211.862777 0.982472 0.000882 -0.210000 1.640000 1.260000 12.900000 21.760000 30.000000
10211.863278 0.982922 0.000882 -0.420000 2.320000 1.260000 12.540000 22.140000 30.000000
10211.863791 0.983470 0.000882 -0.520000 0.110000 1.260000 11.980000 22.070000 30.000000
10211.864293 0.983818 0.000874 0.090000 -0.010000 1.250000 12.140000 22.290000 30.000000
10211.864798 0.981970 0.000872 0.120000 -1.170000 1.250000 12.100000 22.200000 30.000000
10211.865301 0.983354 0.000873 0.460000 -1.220000 1.250000 11.320000 22.110000 30.000000
10211.865806 0.980249 0.000871 0.300000 -0.470000 1.250000 12.250000 22.100000 30.000000
10211.866312 0.983915 0.000865 0.460000 -0.070000 1.240000 12.280000 22.250000 30.000000
10211.866816 0.982402 0.000864 0.200000 0.170000 1.240000 12.360000 22.280000 30.000000
10211.867319 0.983209 0.000864 -0.120000 1.010000 1.240000 12.150000 22.080000 30.000000
10211.867828 0.984469 0.000865 -0.010000 -0.080000 1.240000 12.110000 21.650000 30.000000
10211.868337 0.983831 0.000865 0.660000 0.520000 1.240000 11.520000 21.330000 30.000000
10211.868839 0.982353 0.000855 -0.090000 0.900000 1.230000 12.000000 21.730000 30.000000
10211.869343 0.981649 0.000855 0.510000 0.490000 1.230000 11.840000 21.520000 30.000000
10211.869848 0.982552 0.000855 1.440000 0.060000 1.230000 12.000000 21.460000 30.000000
10211.870353 0.983306 0.000856 1.040000 -0.290000 1.230000 11.600000 21.770000 30.000000
10211.870865 0.983334 0.000848 -1.720000 -0.410000 1.220000 11.890000 21.880000 30.000000
10211.871371 0.981649 0.000847 -1.010000 -1.580000 1.220000 11.770000 22.070000 30.000000
10211.871876 0.984244 0.000849 0.310000 -0.860000 1.220000 11.990000 21.880000 30.000000
10211.872379 0.981033 0.000846 1.270000 -1.630000 1.220000 13.120000 22.120000 30.000000
10211.872888 0.983545 0.000848 -0.950000 -0.780000 1.220000 12.400000 22.230000 30.000000
10211.873397 0.982916 0.000839 -0.470000 -1.900000 1.210000 13.180000 22.270000 30.000000
10211.873901 0.982147 0.000839 3.030000 -0.330000 1.210000 11.590000 22.600000 30.000000
10211.874403 0.984612 0.000841 2.490000 -0.060000 1.210000 12.510000 22.380000 30.000000
10211.874912 0.985802 0.000841 0.190000 0.130000 1.210000 10.650000 22.260000 30.000000
10211.875430 0.983474 0.000840 0.290000 0.190000 1.210000 11.580000 22.040000 30.000000
10211.875936 0.982827 0.000831 -0.150000 -0.450000 1.200000 11.900000 22.060000 30.000000
10211.876440 0.982949 0.000831 0.000000 -0.350000 1.200000 11.540000 21.810000 30.000000
10211.876949 0.983458 0.000831 0.200000 0.050000 1.200000 11.320000 21.440000 30.000000
10211.877458 0.983497 0.000831 -0.320000 0.250000 1.200000 11.820000 21.480000 30.000000
10211.877967 0.985905 0.000832 -0.970000 0.340000 1.200000 11.300000 21.280000 30.000000
10211.878475 0.984643 0.000824 -0.200000 -0.470000 1.190000 10.960000 21.470000 30.000000
10211.878978 0.981218 0.000821 0.180000 0.000000 1.190000 12.190000 21.810000 30.000000
10211.879482 0.984185 0.000824 0.030000 0.400000 1.190000 11.910000 21.380000 30.000000
10211.879986 0.980964 0.000821 0.230000 0.250000 1.190000 12.610000 21.680000 30.000000
10211.880487 0.983694 0.000824 1.290000 -0.480000 1.190000 11.280000 21.980000 30.000000
10211.880993 0.984066 0.000816 -0.120000 -0.390000 1.180000 11.620000 21.930000 30.000000
10211.881495 0.981408 0.000815 0.320000 -1.280000 1.180000 12.830000 21.880000 30.000000
10211.882006 0.982592 0.000815 0.170000 -1.320000 1.180000 12.760000 22.110000 30.000000
10211.882520 0.982950 0.000816 0.340000 -1.980000 1.180000 12.890000 22.200000 30.000000
10211.883023 0.983632 0.000816 0.140000 -0.220000 1.180000 10.720000 21.930000 30.000000
10211.883528 0.982811 0.000815 0.740000 -1.400000 1.180000 12.720000 21.870000 30.000000
10211.884041 0.983446 0.000807 0.690000 -1.530000 1.170000 12.830000 21.950000 30.000000
10211.884548 0.983376 0.000808 0.250000 -1.410000 1.170000 12.330000 21.960000 30.000000
10211.885053 0.984089 0.000808 0.380000 0.830000 1.170000 12.800000 22.250000 30.000000
10211.885559 0.983677 0.000807 0.910000 1.050000 1.170000 12.170000 22.220000 30.000000
10211.886063 0.981733 0.000806 0.900000 0.270000 1.170000 12.640000 22.340000 30.000000
10211.886567 0.982675 0.000799 1.450000 1.010000 1.160000 13.500000 22.300000 30.000000
10211.887081 0.984104 0.000800 -0.520000 0.300000 1.160000 13.700000 22.560000 30.000000
10211.887586 0.981783 0.000798 0.080000 0.920000 1.160000 13.180000 22.940000 30.000000
10211.888093 0.984773 0.000801 0.090000 0.440000 1.160000 13.130000 23.330000 30.000000
10211.888599 0.981718 0.000797 -0.780000 0.170000 1.160000 11.910000 23.670000 30.000000
10211.889106 0.981423 0.000797 -1.230000 -0.640000 1.160000 12.700000 23.900000 30.000000
10211.889611 0.983488 0.000791 -1.210000 -0.890000 1.150000 13.030000 24.310000 30.000000
10211.890117 0.982155 0.000790 0.600000 -0.220000 1.150000 12.390000 24.930000 30.000000
10211.890621 0.982082 0.000790 0.470000 0.550000 1.150000 12.200000 25.230000 30.000000
10211.891126 0.984710 0.000793 0.620000 -0.440000 1.150000 12.220000 25.810000 30.000000
10211.891632 0.983836 0.000792 0.290000 0.360000 1.150000 11.680000 26.720000 30.000000
10211.892136 0.983238 0.000791 -0.040000 0.860000 1.150000 11.690000 27.680000 30.000000
10211.892647 0.984019 0.000784 0.500000 0.900000 1.140000 12.100000 28.390000 30.000000
10211.893152 0.985561 0.000785 0.890000 -0.060000 1.140000 11.850000 29.520000 30.000000
10211.893683 0.982486 0.000783 0.320000 -0.340000 1.140000 12.860000 30.820000 30.000000
10211.894188 0.980162 0.000781 -0.920000 0.030000 1.140000 12.450000 32.510000 30.000000
10211.894692 0.983564 0.000784 -1.050000 -0.900000 1.140000 11.840000 34.160000 30.000000
10211.895198 0.984414 0.000784 -0.590000 -1.220000 1.140000 12.030000 36.560000 30.000000
10211.895701 0.983734 0.000784 -0.690000 -1.230000 1.140000 12.490000 38.960000 30.000000
10211.896210 0.982160 0.000776 0.370000 0.320000 1.130000 13.290000 42.280000 30.000000
10211.896727 0.981070 0.000775 0.860000 0.650000 1.130000 12.780000 45.260000 30.000000
10211.897234 0.982581 0.000777 1.400000 0.660000 1.130000 13.510000 49.340000 30.000000
10211.897737 0.985501 0.000779 1.320000 1.430000 1.130000 12.740000 54.280000 30.000000
10211.898240 0.983452 0.000779 -0.550000 0.370000 1.130000 13.510000 59.870000 30.000000
10211.898744 0.982867 0.000777 -0.230000 0.780000 1.130000 12.220000 65.990000 30.000000
10211.899247 0.982972 0.000770 0.580000 0.440000 1.120000 12.580000 73.910000 30.000000
10211.899752 0.981958 0.000771 0.100000 -0.020000 1.120000 14.380000 83.350000 30.000000
10211.900260 0.983365 0.000772 -0.470000 -1.180000 1.120000 13.110000 94.930000 30.000000
10211.900765 0.983535 0.000772 -1.090000 -1.830000 1.120000 12.580000 107.340000 30.000000
10211.901269 0.982898 0.000772 0.520000 1.570000 1.120000 11.860000 122.320000 30.000000
10211.901773 0.985084 0.000775 0.430000 1.320000 1.120000 12.820000 139.800000 30.000000
10211.902277 0.983875 0.000775 -0.360000 -1.070000 1.120000 13.290000 162.890000 30.000000
